-1.0952380952380951e-02
-1.0870106527949440e-02
-1.0787151916184172e-02
-1.0703721481700287e-02
-1.0619994994994997e-02
-1.0536130536130539e-02
-1.0452267031214400e-02
-1.0368526472218540e-02
-1.0285015863109169e-02
-1.0201828928916790e-02
-1.0119047619047620e-02
-1.0036743431648379e-02
-9.9549785820438851e-03
-9.8738070350547665e-03
-9.7932754182754184e-03
-9.7134238310708897e-03
-9.6342865620711385e-03
-9.5558927262478482e-03
-9.4782668312080078e-03
-9.4014292810926346e-03
-9.3253968253968270e-03
-9.2501829591031468e-03
-9.1757982797219285e-03
-9.1022508061410490e-03
-9.0295462635888151e-03
-8.9576883384932908e-03
-8.8866789065687474e-03
-8.8165182370656941e-03
-8.7472051757766043e-03
-8.6787373090886112e-03
-8.6111111111111110e-03
-8.5443220756752127e-03
-8.4783648347992423e-03
-8.4132332650363427e-03
-8.3489205829631371e-03
-8.2854194309302676e-03
-8.2227219540734232e-03
-8.1608198694756093e-03
-8.0997045282759552e-03
-8.0393669714358320e-03
-7.9797979797979791e-03
-7.9209881190079202e-03
-7.8629277798075749e-03
-7.8056072141585511e-03
-7.7490165676055937e-03
-7.6931459082488843e-03
-7.6379852526566906e-03
-7.5835245890164479e-03
-7.5297538977926390e-03
-7.4666631701332184e-03
-7.4242424242424235e-03
-7.3724817199164634e-03
-7.3213711714193875e-03
-7.2709009588592336e-03
-7.2210613382090449e-03
-7.1718426501035191e-03
-7.1232353275294067e-03
-7.0752299025166800e-03
-7.0278170119271819e-03
-6.9909874024284332e-03
-6.9347319347319355e-03
-6.8890415871678884e-03
-6.8439074586615582e-03
-6.7993207711703179e-03
-6.7552728716350338e-03
-6.7117552334943643e-03
-6.6687594578061105e-03
-6.6262772740156486e-03
-6.5843005404077623e-03
-6.5528212442748559e-03
-6.5018315018315022e-03
-6.4613235579024696e-03
-6.4212897854089264e-03
-6.3817226846751866e-03
-6.3426148825763652e-03
-6.3039591315453385e-03
-6.2657483084558024e-03
-6.2279754133965784e-03
-6.1906335683509601e-03
-6.1537160157935774e-03
